No of Patterns (P) = 16
No of Input Neurons (L) = 5
No of Hidden Neurons (M) = 10
No of Output Neurons (N) = 1

I[L][P] matrix of order (5X16)
280.000000	320.000000	300.000000	340.000000	280.000000	320.000000	300.000000	340.000000	280.000000	320.000000	300.000000	340.000000	280.000000	320.000000	300.000000	340.000000	
28.000000	32.000000	32.000000	28.000000	30.000000	26.000000	26.000000	30.000000	26.000000	30.000000	30.000000	26.000000	32.000000	28.000000	28.000000	32.000000	
10.000000	6.000000	10.000000	6.000000	6.000000	10.000000	6.000000	10.000000	12.000000	8.000000	12.000000	8.000000	8.000000	12.000000	8.000000	12.000000	
20.000000	20.000000	22.000000	22.000000	24.000000	24.000000	18.000000	18.000000	22.000000	22.000000	20.000000	20.000000	18.000000	18.000000	24.000000	24.000000	
40.000000	20.000000	60.000000	0.100000	60.000000	0.100000	40.000000	20.000000	20.000000	40.000000	0.100000	60.000000	0.100000	60.000000	20.000000	40.000000	

Normalized I[L][P] matrix of order (5X16)
0.100000	0.633333	0.366667	0.900000	0.100000	0.633333	0.366667	0.900000	0.100000	0.633333	0.366667	0.900000	0.100000	0.633333	0.366667	0.900000	
0.366667	0.900000	0.900000	0.366667	0.633333	0.100000	0.100000	0.633333	0.100000	0.633333	0.633333	0.100000	0.900000	0.366667	0.366667	0.900000	
0.633333	0.100000	0.633333	0.100000	0.100000	0.633333	0.100000	0.633333	0.900000	0.366667	0.900000	0.366667	0.366667	0.900000	0.366667	0.900000	
0.366667	0.366667	0.633333	0.633333	0.900000	0.900000	0.100000	0.100000	0.633333	0.633333	0.366667	0.366667	0.100000	0.100000	0.900000	0.900000	
0.632888	0.365776	0.900000	0.100000	0.900000	0.100000	0.632888	0.365776	0.365776	0.632888	0.100000	0.900000	0.100000	0.900000	0.365776	0.632888	

TO[P][N] matrix of order (16X1)
10.400000	
12.500000	
10.400000	
13.900000	
12.900000	
11.600000	
12.000000	
9.400000	
8.900000	
11.800000	
12.800000	
9.500000	
12.500000	
7.900000	
10.100000	
10.000000	

Normalized TO[P][N] matrix of order (16X1)
0.433333	
0.713333	
0.433333	
0.900000	
0.766667	
0.593333	
0.646667	
0.300000	
0.233333	
0.620000	
0.753333	
0.313333	
0.713333	
0.100000	
0.393333	
0.380000	

V[L+1][M] matrix of order (6X10)
0.000000	0.000000	0.000000	0.000000	0.000000	0.000000	0.000000	0.000000	0.000000	0.000000	
0.488235	0.551866	0.124210	0.599231	0.652303	0.396283	0.942442	0.006317	0.097964	0.302530	
0.761437	0.133274	0.373272	0.283273	0.073031	0.415357	0.940733	0.146825	0.364971	0.151738	
0.115818	0.806391	0.818018	0.538713	0.593738	0.825495	0.294656	0.829096	0.594775	0.106235	
0.899686	0.775536	0.160375	0.126225	0.894314	0.012757	0.631001	0.630390	0.245186	0.535844	
0.836360	0.184576	0.589404	0.930265	0.030366	0.496323	0.896603	0.510086	0.101169	0.909635	


W[M+1][N] matrix of order (11X1)
0.609760	
0.020997	
0.087710	
0.979858	
0.545824	
0.063570	
0.534562	
0.534776	
0.337138	
0.893674	
0.715567	

V[L+1][M] matrix of order (6X10) after Training
0.000000	0.000000	0.000000	0.000000	0.000000	0.000000	0.000000	0.000000	0.000000	0.000000	
0.444950	0.398963	0.295168	0.570540	0.673039	-0.093992	1.622527	-0.218166	-1.787464	0.197442	
0.658558	0.337400	0.540194	0.086697	0.078233	0.620749	1.999693	0.643100	0.685582	0.478175	
0.299581	1.211384	0.429711	0.490382	0.889373	1.219630	-0.809765	1.308883	-0.817485	-0.237038	
0.826337	0.186659	0.398331	0.013349	0.611812	-0.443589	-0.444723	-0.334773	0.499118	0.711801	
0.988587	0.058715	0.472244	1.114006	0.116980	0.095808	0.428342	0.276682	-2.203184	0.488811	


W[M+1][N] matrix of order (11X1) after Training
0.609760	
-0.120704	
-0.765671	
0.261460	
-0.472847	
-0.306983	
-1.002384	
1.737490	
-1.107671	
1.924783	
0.612555	


Output of Model with Error

IO[1][21]:1.000000	OO[1][21]:0.761594	TO[1][21]:0.000000	Error:0.761594
IO[1][22]:1.000000	OO[1][22]:0.761594	TO[1][22]:0.000000	Error:0.761594
IO[1][23]:1.000000	OO[1][23]:0.761594	TO[1][23]:0.000000	Error:0.761594
IO[1][24]:1.000000	OO[1][24]:0.761594	TO[1][24]:0.000000	Error:0.761594